15 0.073935 0.134328 0.072682 0.208955
15 0.315789 0.160448 0.260652 0.201493
15 0.627820 0.160448 0.147870 0.156716
15 0.809524 0.164179 0.075188 0.164179
15 0.943609 0.194030 0.112782 0.253731
15 0.885965 0.473881 0.223058 0.171642
15 0.690476 0.507463 0.067669 0.149254
15 0.919799 0.817164 0.095238 0.186567
15 0.530075 0.444030 0.142857 0.276119
15 0.219298 0.522388 0.333333 0.268657
15 0.097744 0.832090 0.040100 0.201493
15 0.264411 0.850746 0.137845 0.134328
15 0.611529 0.865672 0.411028 0.268657
