15 0.093900 0.415663 0.174960 0.421687
15 0.340289 0.457831 0.195827 0.530120
15 0.530498 0.457831 0.126806 0.506024
15 0.642055 0.307229 0.041734 0.204819
15 0.758427 0.265060 0.113965 0.289157
15 0.904494 0.222892 0.101124 0.253012
15 0.024880 0.861446 0.024077 0.277108
15 0.089085 0.879518 0.043339 0.240964
15 0.170947 0.831325 0.049759 0.289157
15 0.278491 0.855422 0.088283 0.289157
15 0.404494 0.885542 0.077047 0.228916
15 0.596308 0.777108 0.232745 0.349398
15 0.764045 0.783133 0.054575 0.240964
15 0.914125 0.692771 0.171750 0.349398
