15 0.078893 0.174658 0.149590 0.171233
15 0.330943 0.167808 0.215164 0.171233
15 0.565574 0.140411 0.118852 0.171233
15 0.767418 0.143836 0.174180 0.178082
15 0.938525 0.147260 0.069672 0.171233
15 0.086066 0.541096 0.168033 0.246575
15 0.315574 0.503425 0.184426 0.143836
15 0.615779 0.554795 0.293033 0.342466
15 0.896516 0.448630 0.149590 0.171233
15 0.207992 0.811644 0.264344 0.157534
15 0.500000 0.787671 0.204918 0.191781
15 0.663934 0.794521 0.045082 0.178082
15 0.762295 0.794521 0.045082 0.136986
15 0.905738 0.832192 0.188525 0.308219
