15 0.118677 0.164384 0.194553 0.205479
15 0.368677 0.198630 0.153696 0.219178
15 0.557393 0.140411 0.103113 0.198630
15 0.844358 0.181507 0.284047 0.253425
15 0.180934 0.582192 0.330739 0.383562
15 0.472763 0.462329 0.108949 0.198630
15 0.721790 0.448630 0.249027 0.184932
15 0.949416 0.445205 0.101167 0.150685
15 0.109922 0.815068 0.212062 0.164384
15 0.357977 0.801370 0.147860 0.150685
15 0.538911 0.777397 0.050584 0.171233
15 0.713035 0.832192 0.177043 0.294521
15 0.908560 0.821918 0.105058 0.287671
