15 0.102579 0.200000 0.099648 0.200000
15 0.199883 0.188462 0.015240 0.223077
15 0.309496 0.188462 0.131301 0.161538
15 0.430246 0.238462 0.049238 0.215385
15 0.527550 0.169231 0.082063 0.200000
15 0.032239 0.546154 0.062134 0.153846
15 0.143611 0.573077 0.078546 0.207692
15 0.232708 0.496154 0.043376 0.223077
15 0.303634 0.553846 0.049238 0.200000
15 0.385111 0.534615 0.066823 0.238462
15 0.482415 0.488462 0.066823 0.176923
15 0.610785 0.500000 0.140680 0.246154
15 0.067409 0.861538 0.101993 0.169231
15 0.247362 0.869231 0.168816 0.261538
15 0.464830 0.873077 0.186401 0.253846
15 0.637163 0.150000 0.064478 0.161538
15 0.714537 0.123077 0.026964 0.169231
15 0.717468 0.476923 0.028136 0.123077
15 0.597304 0.800000 0.043376 0.200000
15 0.733294 0.823077 0.184056 0.276923
15 0.796600 0.446154 0.087925 0.169231
15 0.813599 0.153846 0.126612 0.276923
15 0.921454 0.080769 0.044549 0.146154
15 0.885111 0.788462 0.056272 0.146154
15 0.926143 0.492308 0.124267 0.338462
