15 0.039342 0.304124 0.035765 0.237113
15 0.167382 0.407216 0.131617 0.422680
15 0.311159 0.381443 0.078684 0.432990
15 0.420601 0.283505 0.051502 0.257732
15 0.545064 0.273196 0.123033 0.257732
15 0.681688 0.335052 0.070100 0.298969
15 0.801860 0.262887 0.095851 0.237113
15 0.925608 0.231959 0.137339 0.319588
15 0.032189 0.824742 0.035765 0.164948
15 0.158798 0.804124 0.157368 0.247423
15 0.313305 0.773196 0.054363 0.226804
15 0.487840 0.752577 0.214592 0.268041
15 0.661660 0.798969 0.067239 0.278351
15 0.849785 0.706186 0.240343 0.340206
