15 0.159188 0.223881 0.292735 0.208955
15 0.383547 0.201493 0.040598 0.149254
15 0.534188 0.186567 0.179487 0.164179
15 0.712607 0.212687 0.074786 0.126866
15 0.850427 0.197761 0.106838 0.111940
15 0.967949 0.130597 0.064103 0.231343
15 0.100427 0.514925 0.158120 0.194030
15 0.286325 0.529851 0.072650 0.179104
15 0.491453 0.500000 0.192308 0.208955
15 0.722222 0.518657 0.136752 0.201493
15 0.922009 0.496269 0.126068 0.156716
15 0.082265 0.884328 0.138889 0.141791
15 0.358974 0.832090 0.256410 0.216418
15 0.582265 0.858209 0.066239 0.149254
15 0.809829 0.798507 0.282051 0.238806
