15 0.095563 0.522989 0.184300 0.609195
15 0.292662 0.298851 0.100683 0.298851
15 0.430034 0.258621 0.078498 0.333333
15 0.546075 0.362069 0.075085 0.287356
15 0.676621 0.298851 0.124573 0.367816
15 0.819966 0.258621 0.087031 0.264368
15 0.946246 0.195402 0.076792 0.298851
15 0.112628 0.804598 0.211604 0.275862
15 0.287543 0.798851 0.022184 0.241379
15 0.401877 0.758621 0.090444 0.275862
15 0.635666 0.747126 0.264505 0.367816
15 0.836177 0.712644 0.061433 0.252874
15 0.936007 0.798851 0.080205 0.310345
