15 0.048354 0.115385 0.063786 0.123077
15 0.161523 0.176923 0.076132 0.192308
15 0.282922 0.105769 0.076132 0.096154
15 0.487654 0.084615 0.201646 0.115385
15 0.723251 0.082692 0.146091 0.111538
15 0.937243 0.126923 0.113169 0.161538
15 0.094650 0.288462 0.144033 0.115385
15 0.308642 0.286538 0.119342 0.134615
15 0.485597 0.334615 0.119342 0.184615
15 0.648148 0.288462 0.069959 0.107692
15 0.846708 0.338462 0.183128 0.207692
15 0.117284 0.488462 0.185185 0.115385
15 0.397119 0.463462 0.160494 0.134615
15 0.618313 0.473077 0.129630 0.100000
15 0.842593 0.501923 0.183128 0.119231
15 0.099794 0.736538 0.179012 0.219231
15 0.377572 0.675000 0.228395 0.111538
15 0.666667 0.667308 0.156379 0.111538
15 0.886831 0.661538 0.139918 0.107692
15 0.690329 0.865385 0.331276 0.115385
15 0.968107 0.857692 0.063786 0.123077
15 0.345679 0.875000 0.193416 0.111538
15 0.086420 0.892308 0.164609 0.084615
