15 0.143973 0.143357 0.189732 0.202797
15 0.422991 0.265734 0.180804 0.321678
15 0.654018 0.164336 0.142857 0.174825
15 0.902902 0.181818 0.194196 0.153846
15 0.800223 0.489510 0.247768 0.181818
15 0.989955 0.503497 0.020089 0.125874
15 0.859375 0.786713 0.241071 0.188811
15 0.553571 0.800699 0.250000 0.160839
15 0.292411 0.772727 0.147321 0.230769
15 0.533482 0.472028 0.116071 0.160839
15 0.294643 0.468531 0.183036 0.153846
15 0.092634 0.444056 0.082589 0.202797
15 0.098214 0.783217 0.111607 0.167832
