15 0.083113 0.180272 0.139842 0.142857
15 0.249340 0.176871 0.076517 0.136054
15 0.460422 0.183673 0.171504 0.176871
15 0.718997 0.173469 0.197889 0.156463
15 0.905013 0.197279 0.031662 0.163265
15 0.700528 0.469388 0.155673 0.190476
15 0.430079 0.479592 0.274406 0.170068
15 0.337731 0.840136 0.163588 0.238095
15 0.523747 0.795918 0.071240 0.136054
15 0.704485 0.802721 0.205805 0.190476
15 0.907652 0.799320 0.089710 0.156463
15 0.129288 0.465986 0.211082 0.170068
15 0.083113 0.789116 0.160950 0.122449
