15 0.115599 0.232704 0.220056 0.163522
15 0.412256 0.251572 0.155989 0.150943
15 0.710306 0.283019 0.272981 0.113208
15 0.969359 0.295597 0.061281 0.100629
15 0.903900 0.575472 0.091922 0.106918
15 0.626741 0.625786 0.278552 0.320755
15 0.821727 0.855346 0.128134 0.125786
15 0.962396 0.839623 0.047354 0.157233
15 0.576602 0.855346 0.206128 0.150943
15 0.268802 0.823899 0.225627 0.188679
15 0.313370 0.553459 0.214485 0.138365
15 0.040390 0.525157 0.075209 0.144654
15 0.036212 0.827044 0.044568 0.119497
