15 0.081504 0.097353 0.128410 0.096408
15 0.254158 0.088847 0.133067 0.117202
15 0.450100 0.078450 0.144378 0.115312
15 0.595808 0.086957 0.063207 0.117202
15 0.703925 0.103970 0.089155 0.094518
15 0.827678 0.105860 0.075848 0.086957
15 0.089820 0.228733 0.178310 0.128544
15 0.277778 0.273157 0.104458 0.194707
15 0.433134 0.236295 0.114438 0.083176
15 0.608117 0.254253 0.161011 0.160681
15 0.824684 0.219282 0.193613 0.124764
15 0.062874 0.359168 0.095143 0.105860
15 0.213573 0.360113 0.151697 0.107750
15 0.379574 0.409263 0.073852 0.126654
15 0.512974 0.359168 0.139721 0.124764
15 0.664338 0.372401 0.057884 0.083176
15 0.783100 0.366730 0.105123 0.094518
15 0.081504 0.487713 0.137725 0.109641
15 0.236194 0.499055 0.095808 0.109641
15 0.389554 0.527410 0.163007 0.173913
15 0.553892 0.505671 0.091151 0.073724
15 0.682967 0.499055 0.076514 0.109641
15 0.815702 0.493384 0.127745 0.094518
15 0.088157 0.639887 0.139055 0.085066
15 0.204258 0.645558 0.033267 0.073724
15 0.296075 0.653119 0.083832 0.069943
15 0.468729 0.651229 0.204258 0.183365
15 0.653693 0.634216 0.100466 0.073724
15 0.790086 0.654064 0.092482 0.177694
15 0.876248 0.633270 0.033267 0.086957
15 0.049235 0.788280 0.094478 0.068053
15 0.156021 0.921550 0.301397 0.156900
15 0.407851 0.909263 0.034597 0.068053
15 0.508649 0.920605 0.103127 0.086957
15 0.695609 0.926276 0.188290 0.147448
15 0.911510 0.924386 0.162342 0.151229
