15 0.095317 0.065722 0.133905 0.079897
15 0.267810 0.059278 0.137203 0.082474
15 0.459103 0.056701 0.143799 0.077320
15 0.605871 0.059923 0.069261 0.076031
15 0.714710 0.068299 0.091689 0.072165
15 0.832454 0.074098 0.075198 0.052835
15 0.105541 0.155284 0.175462 0.081186
15 0.285620 0.182345 0.102902 0.132732
15 0.442282 0.163015 0.127309 0.065722
15 0.613127 0.177191 0.157652 0.114691
15 0.828496 0.150129 0.191293 0.081186
15 0.073219 0.241624 0.092348 0.076031
15 0.227573 0.248711 0.147757 0.082474
15 0.382586 0.277062 0.075198 0.090206
15 0.521438 0.238402 0.137863 0.082474
15 0.671504 0.257088 0.067282 0.057990
15 0.789578 0.252577 0.105541 0.077320
15 0.096306 0.334407 0.143799 0.086340
15 0.247361 0.339562 0.092348 0.076031
15 0.399406 0.358892 0.164248 0.106959
15 0.561675 0.351160 0.103562 0.060567
15 0.688325 0.338918 0.075858 0.064433
15 0.822230 0.336985 0.131266 0.060567
15 0.100923 0.439433 0.139842 0.054124
15 0.217678 0.440077 0.030343 0.050258
15 0.309367 0.443299 0.081794 0.051546
15 0.474934 0.447165 0.208443 0.115979
15 0.661939 0.438144 0.103562 0.056701
15 0.799142 0.447809 0.093008 0.117268
15 0.884894 0.433634 0.041557 0.052835
15 0.065963 0.539948 0.097625 0.054124
15 0.200858 0.525773 0.107520 0.077320
15 0.319921 0.539304 0.042216 0.045103
15 0.460422 0.541237 0.168865 0.103093
15 0.623021 0.524485 0.061346 0.069588
15 0.783641 0.534149 0.193931 0.086340
15 0.166557 0.628222 0.297493 0.109536
15 0.419195 0.617268 0.034960 0.048969
15 0.520119 0.628866 0.102243 0.051546
15 0.704485 0.628866 0.186016 0.097938
15 0.918206 0.632732 0.156992 0.105670
15 0.041227 0.722938 0.031003 0.043814
15 0.201187 0.729381 0.218997 0.103093
15 0.421504 0.715206 0.092348 0.097938
15 0.526385 0.716495 0.064644 0.087629
15 0.634235 0.717784 0.083773 0.082474
15 0.821570 0.704897 0.247361 0.085052
15 0.105541 0.802191 0.139842 0.088918
15 0.289578 0.805412 0.097625 0.064433
15 0.469657 0.815722 0.151715 0.105670
15 0.613786 0.803479 0.058707 0.065722
15 0.750330 0.796392 0.131266 0.067010
15 0.884565 0.818299 0.105541 0.115979
15 0.093668 0.897552 0.138522 0.083763
15 0.329485 0.913660 0.223615 0.134021
15 0.503628 0.894974 0.060026 0.057990
15 0.682058 0.911082 0.186016 0.110825
