15 0.224839 0.044983 0.286938 0.086505
15 0.714133 0.051903 0.490364 0.100346
15 0.283726 0.165225 0.447537 0.115917
15 0.782655 0.175606 0.293362 0.098616
15 0.305139 0.301038 0.447537 0.069204
15 0.682013 0.302768 0.092077 0.065744
15 0.184154 0.435986 0.286938 0.058824
15 0.632762 0.418685 0.344754 0.103806
15 0.516060 0.557958 0.967880 0.157439
15 0.111349 0.681661 0.098501 0.069204
15 0.628480 0.692042 0.721627 0.148789
15 0.326552 0.789792 0.451820 0.119377
15 0.877944 0.805363 0.218415 0.067474
15 0.276231 0.917820 0.445396 0.098616
15 0.838330 0.926471 0.323340 0.084775
