15 0.266043 0.080372 0.275401 0.089679
15 0.766043 0.077834 0.366310 0.071066
15 0.191176 0.219966 0.344920 0.125212
15 0.585561 0.205584 0.165775 0.079526
15 0.090909 0.338409 0.144385 0.064298
15 0.474599 0.343486 0.323529 0.155668
15 0.950535 0.335871 0.098930 0.069374
15 0.431818 0.436548 0.858289 0.118443
15 0.399733 0.567682 0.692513 0.096447
15 0.200535 0.721658 0.304813 0.143824
15 0.588235 0.698816 0.267380 0.054146
15 0.949198 0.689509 0.101604 0.069374
15 0.311497 0.817259 0.280749 0.087986
15 0.774064 0.821489 0.291444 0.079526
15 0.498663 0.933164 0.895722 0.113367
