15 0.053461 0.215768 0.080877 0.356846
15 0.155929 0.180498 0.073338 0.195021
15 0.253598 0.145228 0.034270 0.199170
15 0.361892 0.172199 0.097327 0.186722
15 0.578821 0.201245 0.262509 0.369295
15 0.865319 0.163900 0.230980 0.311203
15 0.086703 0.460581 0.074709 0.215768
15 0.202536 0.452282 0.088417 0.257261
15 0.410898 0.481328 0.220014 0.406639
15 0.647361 0.456432 0.213160 0.348548
15 0.803975 0.466805 0.063057 0.352697
15 0.897875 0.446058 0.083619 0.203320
15 0.133310 0.726141 0.224126 0.290456
15 0.332762 0.701245 0.107608 0.257261
15 0.493146 0.796680 0.114462 0.406639
