15 0.204906 0.120594 0.352092 0.166976
15 0.598124 0.087199 0.272727 0.103896
15 0.851371 0.105751 0.092352 0.133581
15 0.317460 0.252319 0.395382 0.148423
15 0.778499 0.217069 0.367965 0.103896
15 0.161616 0.387755 0.089466 0.152134
15 0.404762 0.385900 0.223665 0.155844
15 0.796537 0.387755 0.372294 0.170686
15 0.240260 0.491651 0.240981 0.100186
15 0.556999 0.526902 0.173160 0.137291
15 0.841270 0.475881 0.268398 0.116883
15 0.171717 0.644712 0.103896 0.139147
15 0.364358 0.630798 0.180375 0.089054
15 0.720779 0.645640 0.405483 0.126160
15 0.672439 0.770872 0.481962 0.183673
15 0.220058 0.907236 0.422799 0.133581
15 0.533911 0.910019 0.124098 0.135436
15 0.735931 0.909091 0.155844 0.081633
