15 0.087071 0.053506 0.141161 0.103321
15 0.240106 0.066421 0.092348 0.103321
15 0.394789 0.089483 0.157652 0.160517
15 0.558047 0.072878 0.093668 0.090406
15 0.682718 0.062731 0.073879 0.099631
15 0.814314 0.061808 0.132586 0.097786
15 0.093997 0.199262 0.137863 0.073801
15 0.207454 0.207565 0.031003 0.071956
15 0.299802 0.211255 0.083773 0.079336
15 0.469657 0.214945 0.204485 0.164207
15 0.653364 0.200185 0.100923 0.090406
15 0.787599 0.221402 0.096306 0.162362
15 0.877309 0.200185 0.038259 0.075646
15 0.059367 0.347786 0.093668 0.075646
15 0.195910 0.332103 0.113456 0.107011
15 0.313984 0.343173 0.044855 0.070111
15 0.449538 0.352399 0.162929 0.162362
15 0.616095 0.329336 0.064644 0.094096
15 0.780013 0.333948 0.201187 0.095941
15 0.158641 0.478782 0.298813 0.160517
15 0.410290 0.464945 0.043536 0.084871
15 0.515831 0.476015 0.106860 0.081181
15 0.692942 0.479705 0.189314 0.147601
15 0.910620 0.482472 0.160290 0.153137
15 0.033971 0.613469 0.034960 0.060886
15 0.190633 0.623616 0.229551 0.154982
15 0.414248 0.608856 0.097625 0.151292
15 0.517810 0.590406 0.068602 0.107011
15 0.629288 0.602399 0.079156 0.108856
15 0.821240 0.586716 0.253298 0.114391
15 0.101583 0.723247 0.143799 0.107011
15 0.283971 0.734317 0.099604 0.095941
15 0.461741 0.750923 0.149077 0.140221
15 0.606860 0.729705 0.056728 0.101476
15 0.739116 0.723247 0.128628 0.103321
15 0.877309 0.746310 0.109499 0.130996
15 0.089380 0.852399 0.149736 0.099631
15 0.325528 0.889299 0.226253 0.180812
15 0.499011 0.867159 0.066623 0.095941
15 0.674142 0.894834 0.191293 0.162362
