15 0.069170 0.135647 0.117787 0.164038
15 0.217787 0.154574 0.125692 0.271293
15 0.386166 0.206625 0.127273 0.249211
15 0.577075 0.181388 0.197628 0.299685
15 0.797233 0.113565 0.157312 0.151420
15 0.926087 0.145110 0.051383 0.227129
15 0.019368 0.392744 0.037154 0.167192
15 0.187352 0.397476 0.267194 0.227129
15 0.428063 0.413249 0.139921 0.246057
15 0.637154 0.400631 0.208696 0.246057
15 0.887352 0.356467 0.204743 0.201893
15 0.144269 0.607256 0.075099 0.186120
15 0.252174 0.604101 0.063241 0.123028
15 0.406719 0.594637 0.141502 0.198738
15 0.551383 0.632492 0.059289 0.249211
15 0.685375 0.630915 0.129644 0.264984
15 0.895257 0.627760 0.195257 0.271293
15 0.045850 0.807571 0.079051 0.214511
15 0.247431 0.856467 0.197628 0.287066
15 0.431225 0.847003 0.105138 0.186120
15 0.594862 0.820189 0.138340 0.176656
15 0.772332 0.888013 0.102767 0.223975
15 0.922134 0.798107 0.139921 0.220820
