15 0.165684 0.169782 0.299935 0.271028
15 0.416830 0.157321 0.033399 0.158879
15 0.514407 0.172897 0.110675 0.133956
15 0.702030 0.183801 0.189915 0.280374
15 0.912574 0.182243 0.161755 0.252336
15 0.043222 0.415888 0.036673 0.121495
15 0.203667 0.414330 0.223969 0.261682
15 0.421742 0.401869 0.092993 0.236760
15 0.523248 0.376947 0.066798 0.249221
15 0.633595 0.384735 0.084479 0.202492
15 0.826130 0.348910 0.246889 0.174455
15 0.105108 0.595016 0.147348 0.211838
15 0.289784 0.601246 0.105435 0.149533
15 0.469876 0.637072 0.164375 0.246106
15 0.614604 0.601246 0.060904 0.155763
15 0.743287 0.588785 0.137525 0.180685
15 0.883759 0.623053 0.121153 0.274143
15 0.092993 0.817757 0.155861 0.177570
15 0.328094 0.850467 0.237066 0.299065
15 0.500655 0.813084 0.067453 0.168224
15 0.679109 0.864486 0.192534 0.271028
