15 0.077285 0.175585 0.079301 0.204013
15 0.201613 0.172241 0.103495 0.204013
15 0.331317 0.190635 0.106183 0.334448
15 0.477151 0.222408 0.112903 0.284281
15 0.635753 0.210702 0.161290 0.321070
15 0.822917 0.153846 0.137769 0.193980
15 0.936828 0.172241 0.043011 0.264214
15 0.059140 0.453177 0.087366 0.230769
15 0.157930 0.431438 0.038978 0.173913
15 0.309812 0.459866 0.229839 0.311037
15 0.507728 0.439799 0.125672 0.270903
15 0.689516 0.444816 0.181452 0.247492
15 0.902218 0.374582 0.171371 0.200669
15 0.033938 0.687291 0.038306 0.123746
15 0.131384 0.712375 0.081317 0.307692
15 0.273858 0.648829 0.067876 0.173913
15 0.361559 0.668896 0.055108 0.113712
15 0.493616 0.648829 0.120296 0.187291
15 0.617944 0.677258 0.043683 0.250836
15 0.727823 0.688963 0.108871 0.274247
15 0.909946 0.677258 0.170699 0.317726
15 0.118616 0.891304 0.210349 0.217391
15 0.352487 0.884615 0.171371 0.210702
15 0.516801 0.906355 0.091398 0.187291
15 0.651882 0.879599 0.112903 0.200669
15 0.933132 0.847826 0.127016 0.217391
