15 0.041141 0.118609 0.042468 0.073620
15 0.136032 0.130879 0.079628 0.196319
15 0.279031 0.101227 0.061712 0.116564
15 0.368613 0.110429 0.049768 0.073620
15 0.495355 0.103272 0.117452 0.120654
15 0.617784 0.117587 0.045123 0.165644
15 0.728600 0.117587 0.106171 0.182004
15 0.899801 0.114519 0.157930 0.179959
15 0.123092 0.239264 0.207697 0.126789
15 0.358660 0.283231 0.161248 0.190184
15 0.515594 0.255624 0.092900 0.118609
15 0.651626 0.232106 0.120770 0.112474
15 0.797943 0.269939 0.080292 0.155419
15 0.931321 0.218814 0.124088 0.122699
15 0.118447 0.397751 0.179827 0.108384
15 0.320836 0.411043 0.162575 0.184049
15 0.507299 0.391616 0.114798 0.092025
15 0.621765 0.407975 0.050431 0.153374
15 0.710352 0.386503 0.089582 0.114519
15 0.875912 0.398773 0.192435 0.126789
15 0.065030 0.580777 0.074320 0.179959
15 0.164565 0.562372 0.070338 0.085890
15 0.259456 0.546012 0.039814 0.122699
15 0.364632 0.560327 0.106835 0.089980
15 0.571997 0.566462 0.240212 0.196319
15 0.849038 0.531697 0.219642 0.188139
15 0.093563 0.703476 0.084937 0.114519
15 0.210683 0.705521 0.073656 0.102249
15 0.410086 0.716769 0.222960 0.206544
15 0.639018 0.692229 0.204380 0.169734
15 0.790312 0.701431 0.061048 0.159509
15 0.881221 0.688139 0.075647 0.096115
15 0.140345 0.840491 0.220969 0.122699
15 0.338421 0.824131 0.111480 0.143149
15 0.489715 0.868098 0.112807 0.210634
