15 0.124406 0.062668 0.156894 0.084906
15 0.358954 0.065364 0.179081 0.090296
15 0.537639 0.064690 0.078447 0.080863
15 0.664422 0.072776 0.106973 0.070081
15 0.808241 0.072102 0.088748 0.071429
15 0.151347 0.191375 0.122029 0.134771
15 0.338352 0.173181 0.152139 0.074124
15 0.542393 0.187332 0.190967 0.126685
15 0.798336 0.157008 0.224247 0.098383
15 0.086371 0.268194 0.166403 0.083558
15 0.267829 0.292453 0.083994 0.094340
15 0.427100 0.262129 0.175911 0.084906
15 0.610935 0.272237 0.076070 0.067385
15 0.752377 0.266173 0.119651 0.068733
15 0.104596 0.361186 0.117274 0.080863
15 0.293582 0.376011 0.194136 0.126685
15 0.482964 0.366577 0.111727 0.064690
15 0.635895 0.351752 0.091125 0.070081
15 0.792789 0.349057 0.157686 0.070081
15 0.065769 0.460916 0.039620 0.051213
15 0.172345 0.467655 0.100634 0.053908
15 0.374802 0.471024 0.250396 0.128032
15 0.599842 0.458895 0.120444 0.052561
15 0.763471 0.466981 0.114897 0.122642
15 0.864501 0.448113 0.047544 0.068733
15 0.057845 0.557278 0.114105 0.087601
15 0.190571 0.567385 0.056260 0.051213
15 0.356577 0.567385 0.206022 0.121294
15 0.552298 0.548518 0.082409 0.080863
15 0.748415 0.563342 0.232171 0.086253
15 0.303090 0.647574 0.049921 0.060647
15 0.430269 0.654313 0.126783 0.055256
15 0.652932 0.665768 0.229794 0.118598
15 0.905705 0.665768 0.188590 0.115903
15 0.311014 0.752022 0.114897 0.115903
15 0.434628 0.740566 0.083201 0.090296
15 0.564976 0.751348 0.091918 0.082210
15 0.795959 0.743261 0.301902 0.095687
15 0.150951 0.843666 0.114897 0.064690
15 0.364897 0.859164 0.181458 0.109164
15 0.541601 0.843666 0.067353 0.070081
15 0.699287 0.834906 0.152932 0.071429
15 0.867670 0.855795 0.125198 0.115903
15 0.200872 0.948113 0.273376 0.103774
15 0.408875 0.941375 0.074485 0.076819
15 0.626783 0.952830 0.225040 0.094340
