15 0.076535 0.061564 0.096242 0.106489
15 0.250687 0.074875 0.125573 0.083195
15 0.423465 0.080699 0.146654 0.158070
15 0.622365 0.098170 0.150321 0.139767
15 0.835930 0.084859 0.221815 0.159734
15 0.058662 0.212146 0.111824 0.131448
15 0.189276 0.209651 0.059578 0.083195
15 0.386801 0.216306 0.295142 0.153078
15 0.667278 0.212978 0.159487 0.123128
15 0.890467 0.202163 0.209899 0.118136
15 0.819432 0.328619 0.065995 0.141431
15 0.944088 0.327787 0.111824 0.149750
15 0.645280 0.315308 0.159487 0.084859
15 0.468836 0.314476 0.065078 0.049917
15 0.341888 0.313644 0.091659 0.074875
15 0.147571 0.337770 0.111824 0.153078
15 0.023831 0.331115 0.045830 0.059900
15 0.144363 0.425125 0.286893 0.101498
15 0.459212 0.458403 0.236480 0.154742
15 0.675069 0.430948 0.131072 0.089850
15 0.856095 0.423461 0.170486 0.084859
15 0.127406 0.553245 0.241980 0.084859
15 0.395967 0.569884 0.230981 0.154742
15 0.659487 0.550749 0.158570 0.073211
15 0.816224 0.557404 0.072411 0.119800
15 0.938130 0.544093 0.123740 0.079867
15 0.050871 0.700499 0.096242 0.146423
15 0.186984 0.677205 0.091659 0.079867
15 0.315765 0.679700 0.055912 0.081531
15 0.461503 0.683028 0.132906 0.071547
15 0.746104 0.694676 0.342805 0.158070
15 0.094409 0.797005 0.108158 0.099834
15 0.250229 0.805324 0.111824 0.093178
15 0.524290 0.811980 0.295142 0.166389
15 0.841430 0.784526 0.284143 0.114809
15 0.157195 0.911814 0.305225 0.096506
15 0.426673 0.898502 0.158570 0.103161
15 0.639322 0.926789 0.156737 0.146423
