15 0.092726 0.050493 0.139581 0.083744
15 0.243119 0.055419 0.098296 0.076355
15 0.398755 0.068966 0.169725 0.103448
15 0.558978 0.062808 0.100917 0.059113
15 0.686763 0.054187 0.083879 0.068966
15 0.815531 0.048030 0.134338 0.071429
15 0.097969 0.144089 0.139581 0.061576
15 0.213303 0.149015 0.034731 0.064039
15 0.303735 0.147783 0.095020 0.059113
15 0.472477 0.158251 0.205767 0.121921
15 0.657274 0.145936 0.095675 0.057882
15 0.789646 0.158867 0.093054 0.115764
15 0.877457 0.137931 0.038008 0.083744
15 0.063565 0.238916 0.093054 0.054187
15 0.196265 0.232759 0.114679 0.073892
15 0.315858 0.245690 0.052425 0.050493
15 0.451507 0.247537 0.165138 0.100985
15 0.616645 0.230911 0.064220 0.067734
15 0.777851 0.240764 0.188729 0.080049
15 0.162844 0.330049 0.300786 0.098522
15 0.414482 0.324507 0.038663 0.057882
15 0.515727 0.330665 0.110092 0.055419
15 0.697248 0.329433 0.191350 0.097291
15 0.911533 0.325739 0.163827 0.092365
15 0.038336 0.419951 0.030799 0.034483
15 0.201180 0.424877 0.229358 0.113300
15 0.417104 0.413177 0.091088 0.097291
15 0.517038 0.403325 0.070773 0.080049
15 0.629751 0.412562 0.079948 0.071429
15 0.826999 0.402709 0.251638 0.071429
15 0.099607 0.498153 0.141547 0.094828
15 0.286370 0.499384 0.093054 0.065271
15 0.464613 0.511084 0.155963 0.096059
15 0.607471 0.503079 0.061599 0.082512
15 0.738532 0.486453 0.129751 0.059113
15 0.876802 0.511084 0.102228 0.105911
15 0.091743 0.582512 0.141547 0.066502
15 0.324377 0.608374 0.225426 0.128079
15 0.499672 0.590517 0.062254 0.067734
15 0.673001 0.601601 0.193971 0.104680
15 0.069135 0.767857 0.066186 0.057882
15 0.191022 0.764778 0.093709 0.076355
15 0.319790 0.760468 0.112713 0.094828
15 0.460354 0.778325 0.114679 0.083744
15 0.621887 0.780788 0.179554 0.118227
15 0.798820 0.764163 0.134993 0.072660
15 0.908912 0.766626 0.040629 0.097291
15 0.052752 0.867611 0.081913 0.104680
15 0.148100 0.861453 0.039318 0.077586
15 0.292267 0.868842 0.222805 0.121921
15 0.496068 0.873768 0.121887 0.094828
15 0.669397 0.866995 0.185452 0.088670
15 0.875491 0.844212 0.167759 0.075123
15 0.030799 0.955665 0.040629 0.039409
15 0.121560 0.955049 0.076671 0.089901
15 0.257536 0.945813 0.058978 0.078818
15 0.349279 0.949507 0.043250 0.051724
15 0.476409 0.940887 0.115334 0.068966
15 0.595347 0.952586 0.039974 0.094828
15 0.707077 0.952586 0.103539 0.094828
15 0.872215 0.948276 0.171691 0.103448
