15 0.084507 0.085072 0.069752 0.093098
15 0.210262 0.090690 0.101274 0.085072
15 0.341382 0.084270 0.112676 0.139647
15 0.481221 0.111557 0.124078 0.120385
15 0.638833 0.093098 0.165661 0.163724
15 0.829645 0.076244 0.139504 0.101124
15 0.940979 0.084270 0.042924 0.126806
15 0.064722 0.211075 0.089202 0.126806
15 0.165661 0.207865 0.041583 0.107544
15 0.313548 0.219904 0.228706 0.144462
15 0.521127 0.222311 0.124748 0.123596
15 0.694500 0.208668 0.187123 0.128411
15 0.907445 0.176565 0.164990 0.096308
15 0.044266 0.333066 0.038900 0.078652
15 0.143528 0.336276 0.087190 0.155698
15 0.279007 0.314607 0.064386 0.093098
15 0.374916 0.316212 0.060362 0.070626
15 0.498323 0.311396 0.120724 0.112360
15 0.619383 0.325843 0.040912 0.134831
15 0.738095 0.328250 0.110664 0.152488
15 0.910798 0.324238 0.164990 0.141252
15 0.121060 0.427769 0.212609 0.133226
15 0.353119 0.453451 0.173709 0.158909
15 0.521797 0.433387 0.097921 0.096308
15 0.652582 0.421348 0.124748 0.094703
15 0.804494 0.451043 0.095909 0.112360
15 0.937290 0.409310 0.125419 0.099518
15 0.120389 0.544141 0.183099 0.086677
15 0.324614 0.558587 0.169014 0.147673
15 0.508719 0.556180 0.121395 0.088283
15 0.629443 0.551364 0.057009 0.123596
15 0.717304 0.534510 0.086519 0.070626
15 0.884641 0.542536 0.198524 0.105939
15 0.069752 0.688604 0.079142 0.131621
15 0.171697 0.664526 0.080483 0.064205
15 0.258887 0.652488 0.036217 0.075441
15 0.366868 0.665329 0.097921 0.075441
15 0.577465 0.686196 0.242790 0.146067
15 0.855131 0.655698 0.222669 0.158909
15 0.093226 0.788925 0.092555 0.081862
15 0.214621 0.790530 0.081824 0.085072
15 0.415493 0.800161 0.227364 0.162119
15 0.652918 0.781701 0.215292 0.134831
15 0.795439 0.783307 0.057679 0.105939
15 0.889001 0.776083 0.071764 0.069021
15 0.142522 0.890048 0.223340 0.101124
15 0.338028 0.881220 0.107311 0.089888
15 0.493964 0.914125 0.109323 0.158909
