15 0.076295 0.139296 0.075940 0.178886
15 0.207949 0.123167 0.103620 0.228739
15 0.364798 0.123167 0.144784 0.222874
15 0.572392 0.183284 0.179560 0.319648
15 0.805536 0.174487 0.167495 0.325513
15 0.082328 0.363636 0.123492 0.193548
15 0.265436 0.335777 0.147622 0.231672
15 0.464869 0.357771 0.129170 0.193548
15 0.701916 0.426686 0.218595 0.313783
15 0.119943 0.627566 0.178850 0.287390
15 0.270405 0.634897 0.039744 0.313783
15 0.468772 0.580645 0.256210 0.193548
15 0.677431 0.589443 0.102910 0.146628
15 0.056778 0.815249 0.093683 0.340176
15 0.191625 0.804985 0.076650 0.167155
15 0.380412 0.794721 0.166075 0.175953
15 0.614265 0.829912 0.209368 0.304985
15 0.872250 0.872434 0.238467 0.255132
