15 0.044617 0.113240 0.061209 0.205575
15 0.155236 0.224739 0.077434 0.331010
15 0.300885 0.141115 0.140118 0.177700
15 0.509956 0.188153 0.155605 0.299652
15 0.771755 0.108014 0.154130 0.195122
15 0.064528 0.404181 0.124631 0.271777
15 0.236357 0.390244 0.075959 0.125436
15 0.387537 0.419861 0.146755 0.296167
15 0.612094 0.430314 0.191740 0.275261
15 0.831490 0.374564 0.098083 0.198606
15 0.955015 0.379791 0.081121 0.181185
15 0.108038 0.635889 0.202802 0.198606
15 0.304572 0.623693 0.123894 0.222997
15 0.470501 0.630662 0.045723 0.125436
15 0.601401 0.642857 0.121681 0.135889
15 0.812316 0.700348 0.201327 0.285714
15 0.041667 0.881533 0.080383 0.174216
15 0.248894 0.879791 0.248525 0.240418
15 0.459071 0.904181 0.096608 0.177700
