15 0.132082 0.208835 0.156733 0.273092
15 0.283664 0.210843 0.064018 0.269076
15 0.413907 0.246988 0.122884 0.204819
15 0.650110 0.275100 0.228845 0.325301
15 0.901030 0.226908 0.197940 0.220884
15 0.047461 0.540161 0.081678 0.204819
15 0.232892 0.572289 0.227373 0.413655
15 0.483444 0.526104 0.125092 0.224900
15 0.625828 0.522088 0.093451 0.200803
15 0.793966 0.528112 0.126564 0.228916
15 0.137233 0.849398 0.224430 0.301205
15 0.387785 0.881526 0.175129 0.236948
15 0.550405 0.857430 0.050037 0.285141
15 0.630979 0.811245 0.083149 0.248996
15 0.794702 0.819277 0.063282 0.248996
15 0.921634 0.855422 0.108168 0.208835
