15 0.286116 0.097353 0.489681 0.145558
15 0.077861 0.250473 0.103189 0.077505
15 0.405253 0.259924 0.288931 0.088847
15 0.261726 0.371456 0.377111 0.130435
15 0.660413 0.390359 0.116323 0.077505
15 0.121013 0.511342 0.155722 0.115312
15 0.405253 0.582231 0.198874 0.177694
15 0.778612 0.532136 0.348968 0.085066
15 0.163227 0.672968 0.322702 0.151229
15 0.607880 0.673913 0.191370 0.062382
15 0.273921 0.800567 0.514071 0.115312
15 0.781426 0.793006 0.320826 0.119093
15 0.113508 0.936673 0.178236 0.092628
15 0.642589 0.931002 0.621013 0.119093
