15 0.059371 0.095764 0.072961 0.092081
15 0.193848 0.094843 0.092990 0.119705
15 0.352289 0.085635 0.149499 0.149171
15 0.558298 0.125230 0.166667 0.191529
15 0.800429 0.112339 0.174535 0.220994
15 0.070458 0.227440 0.128040 0.127072
15 0.252504 0.227440 0.148784 0.141805
15 0.451359 0.243094 0.123033 0.095764
15 0.689557 0.279006 0.228898 0.174954
15 0.105866 0.405157 0.177396 0.180479
15 0.257511 0.416206 0.040057 0.184162
15 0.457439 0.374770 0.256795 0.130755
15 0.665594 0.384899 0.105150 0.110497
15 0.047210 0.534991 0.081545 0.208103
15 0.182046 0.521179 0.080830 0.092081
15 0.369814 0.514733 0.165951 0.097606
15 0.600858 0.540516 0.210300 0.193370
15 0.867310 0.550645 0.246781 0.180479
15 0.190629 0.684162 0.233906 0.193370
15 0.433476 0.653775 0.108727 0.110497
15 0.618026 0.666667 0.207439 0.099448
15 0.808298 0.672192 0.075823 0.081031
15 0.114092 0.780847 0.189557 0.136280
15 0.367668 0.833333 0.187411 0.193370
15 0.533977 0.798343 0.095136 0.112339
15 0.668097 0.801105 0.120172 0.117864
15 0.837983 0.833333 0.103720 0.156538
15 0.032546 0.923573 0.039342 0.086556
15 0.159514 0.946593 0.111588 0.081031
15 0.359442 0.930939 0.172389 0.138122
15 0.565451 0.948435 0.123748 0.103131
15 0.687053 0.936464 0.076538 0.097606
15 0.833333 0.946593 0.158798 0.106814
