15 0.137480 0.068146 0.140753 0.107765
15 0.427169 0.087956 0.265139 0.090333
15 0.586743 0.197306 0.279869 0.090333
15 0.897709 0.195721 0.204583 0.087163
15 0.355974 0.341521 0.394435 0.128368
15 0.725859 0.332013 0.099836 0.144216
15 0.908347 0.316957 0.183306 0.117274
15 0.256956 0.453249 0.481178 0.145800
15 0.115385 0.550713 0.201309 0.083994
15 0.442717 0.564184 0.306056 0.085578
15 0.839607 0.557845 0.248773 0.079239
15 0.108838 0.657686 0.191489 0.095087
15 0.430442 0.698891 0.258592 0.129952
15 0.765957 0.660856 0.271686 0.110935
15 0.089198 0.797147 0.175123 0.069731
15 0.419804 0.787639 0.276596 0.104596
15 0.747954 0.792393 0.235679 0.088748
15 0.408347 0.905705 0.289689 0.103011
15 0.812602 0.922345 0.342062 0.155309
