15 0.036109 0.144444 0.042741 0.149206
15 0.161017 0.152381 0.114223 0.152381
15 0.368828 0.134921 0.180545 0.200000
15 0.576640 0.177778 0.121592 0.228571
15 0.710391 0.138095 0.084009 0.168254
15 0.860722 0.144444 0.170965 0.200000
15 0.103169 0.339683 0.157701 0.196825
15 0.265291 0.379365 0.042741 0.142857
15 0.464259 0.396825 0.265291 0.285714
15 0.745394 0.342857 0.182019 0.177778
15 0.904937 0.334921 0.085483 0.161905
15 0.051216 0.579365 0.055269 0.225397
15 0.161754 0.692063 0.072955 0.304762
15 0.305085 0.623810 0.148858 0.180952
15 0.519897 0.661905 0.159912 0.288889
15 0.779293 0.585714 0.155490 0.212698
15 0.067797 0.841270 0.131172 0.266667
15 0.243183 0.838095 0.076640 0.133333
15 0.394989 0.863492 0.147384 0.260317
15 0.617539 0.868254 0.187178 0.263492
15 0.837141 0.838095 0.098747 0.209524
15 0.959469 0.817460 0.081061 0.161905
