15 0.080956 0.242152 0.134807 0.385650
15 0.246434 0.213004 0.082026 0.174888
15 0.398716 0.269058 0.142653 0.376682
15 0.615906 0.269058 0.183310 0.376682
15 0.825963 0.201794 0.104137 0.278027
15 0.942939 0.233184 0.082739 0.206278
15 0.121255 0.533632 0.198288 0.304933
15 0.314551 0.522422 0.126961 0.300448
15 0.475392 0.542601 0.037803 0.224215
15 0.603424 0.556054 0.121255 0.179372
15 0.806348 0.614350 0.193295 0.313901
15 0.061698 0.874439 0.073466 0.251121
15 0.257489 0.840807 0.246790 0.282511
15 0.465407 0.872197 0.097718 0.219731
