15 0.130353 0.127907 0.163035 0.167959
15 0.283246 0.129199 0.061608 0.170543
15 0.419609 0.155039 0.120962 0.149871
15 0.658527 0.167959 0.227648 0.237726
15 0.908340 0.158915 0.183321 0.167959
15 0.047708 0.337209 0.092412 0.126615
15 0.237415 0.365633 0.232908 0.271318
15 0.492487 0.333333 0.128475 0.134367
15 0.636364 0.328165 0.090158 0.134367
15 0.809917 0.328165 0.132231 0.139535
15 0.140120 0.558140 0.242675 0.263566
15 0.390684 0.569767 0.186326 0.204134
15 0.559730 0.550388 0.046582 0.227390
15 0.638993 0.509044 0.087904 0.175711
15 0.809166 0.516796 0.066116 0.170543
15 0.937641 0.534884 0.115702 0.144703
15 0.111570 0.698966 0.083396 0.136951
15 0.342224 0.754522 0.235162 0.227390
15 0.619835 0.726098 0.204358 0.124031
15 0.828700 0.722222 0.154771 0.147287
15 0.966191 0.723514 0.067618 0.139535
15 0.081142 0.879845 0.117205 0.157623
15 0.426747 0.913437 0.136739 0.116279
15 0.606687 0.916021 0.113449 0.116279
15 0.844853 0.925065 0.259204 0.149871
15 0.273854 0.909561 0.093914 0.134367
