15 0.131104 0.127907 0.163035 0.193798
15 0.285500 0.124031 0.058603 0.170543
15 0.422990 0.153747 0.129226 0.136951
15 0.657400 0.165375 0.243426 0.222222
15 0.048460 0.330749 0.087904 0.118863
15 0.242675 0.369509 0.243426 0.237726
15 0.490609 0.328165 0.132231 0.144703
15 0.637115 0.334625 0.091660 0.136951
15 0.806912 0.332041 0.138242 0.131783
15 0.144628 0.560724 0.238167 0.273902
15 0.390308 0.565891 0.179564 0.217054
15 0.556349 0.549096 0.044328 0.219638
15 0.641623 0.511628 0.085650 0.180879
15 0.811044 0.523256 0.068370 0.162791
15 0.938392 0.546512 0.111195 0.152455
15 0.112697 0.700258 0.078137 0.129199
15 0.344102 0.742894 0.231405 0.245478
15 0.617205 0.727390 0.191585 0.131783
15 0.827949 0.727390 0.165289 0.147287
15 0.965440 0.727390 0.064613 0.162791
15 0.083396 0.891473 0.108189 0.191214
15 0.276108 0.914729 0.102930 0.155039
15 0.427498 0.918605 0.144252 0.105943
15 0.609316 0.917313 0.124718 0.124031
15 0.842600 0.923773 0.263711 0.136951
