15 0.080935 0.111801 0.105755 0.204969
15 0.265468 0.131988 0.089209 0.189441
15 0.411151 0.124224 0.138849 0.136646
15 0.583094 0.119565 0.110072 0.127329
15 0.807554 0.138199 0.251079 0.170807
15 0.070863 0.364907 0.094245 0.139752
15 0.171583 0.389752 0.036691 0.251553
15 0.257914 0.349379 0.076978 0.208075
15 0.402518 0.411491 0.114388 0.263975
15 0.551079 0.338509 0.125180 0.217391
15 0.766547 0.341615 0.219424 0.217391
15 0.089209 0.554348 0.149640 0.214286
15 0.251079 0.593168 0.076259 0.130435
15 0.396763 0.579193 0.123022 0.195652
15 0.541367 0.586957 0.105755 0.173913
15 0.681295 0.596273 0.105036 0.149068
15 0.876619 0.583851 0.223741 0.217391
15 0.050719 0.815217 0.069784 0.170807
15 0.213669 0.835404 0.145324 0.279503
15 0.391007 0.812112 0.118705 0.208075
15 0.569065 0.843168 0.142446 0.295031
15 0.756835 0.815217 0.110791 0.195652
15 0.925540 0.872671 0.135971 0.254658
