15 0.054149 0.145418 0.071730 0.219124
15 0.214838 0.181275 0.141350 0.354582
15 0.389944 0.143426 0.118847 0.278884
15 0.560830 0.195219 0.149789 0.382470
15 0.745077 0.161355 0.107595 0.243028
15 0.905063 0.227092 0.129395 0.342629
15 0.084037 0.414343 0.125879 0.294821
15 0.241913 0.452191 0.098453 0.219124
15 0.359001 0.430279 0.069620 0.270916
15 0.494023 0.537849 0.100563 0.390438
15 0.695851 0.460159 0.166667 0.250996
15 0.872714 0.476096 0.081575 0.235060
15 0.101266 0.778884 0.135021 0.386454
