15 0.056205 0.189046 0.077323 0.222615
15 0.185185 0.219081 0.106563 0.176678
15 0.306043 0.226148 0.102664 0.431095
15 0.468486 0.254417 0.110461 0.402827
15 0.625406 0.252650 0.153996 0.406360
15 0.791748 0.187279 0.115010 0.275618
15 0.891488 0.256184 0.033788 0.328622
15 0.164068 0.501767 0.085120 0.346290
15 0.309617 0.448763 0.042235 0.204947
15 0.476283 0.507067 0.219623 0.385159
15 0.705653 0.549470 0.132554 0.363958
15 0.879792 0.531802 0.172840 0.335689
15 0.125406 0.701413 0.152047 0.243816
15 0.261209 0.759717 0.062378 0.141343
15 0.341131 0.796820 0.075374 0.406360
15 0.461663 0.726148 0.056530 0.208481
15 0.530539 0.775618 0.046134 0.137809
15 0.648798 0.733216 0.120208 0.215548
15 0.857050 0.818021 0.064977 0.363958
