15 0.170663 0.115504 0.330042 0.178295
15 0.523977 0.080620 0.263752 0.120930
15 0.742595 0.120155 0.074753 0.153488
15 0.337800 0.249612 0.289140 0.167442
15 0.726375 0.240310 0.406206 0.155039
15 0.215797 0.329457 0.273625 0.106977
15 0.666432 0.362016 0.136812 0.159690
15 0.445698 0.468217 0.355430 0.142636
15 0.815233 0.438760 0.242595 0.127132
15 0.275740 0.555039 0.458392 0.102326
15 0.814528 0.605426 0.370945 0.200000
15 0.369535 0.712403 0.194640 0.141085
15 0.634697 0.685271 0.163611 0.062016
15 0.234133 0.824806 0.465444 0.198450
15 0.648801 0.795349 0.174894 0.102326
15 0.873766 0.798450 0.179126 0.105426
15 0.590268 0.919380 0.187588 0.099225
