15 0.244124 0.153614 0.142094 0.301205
15 0.483440 0.108434 0.065171 0.162651
15 0.771902 0.177711 0.368590 0.343373
15 0.192842 0.329819 0.251068 0.195783
15 0.407051 0.368976 0.083333 0.129518
15 0.537927 0.394578 0.127137 0.325301
15 0.739316 0.346386 0.096154 0.186747
15 0.857906 0.387048 0.064103 0.123494
15 0.081731 0.650602 0.157051 0.355422
15 0.360043 0.617470 0.254274 0.277108
15 0.772970 0.573795 0.451923 0.243976
15 0.251603 0.804217 0.176282 0.162651
15 0.471154 0.881024 0.128205 0.237952
15 0.733440 0.792169 0.240385 0.186747
