15 0.159420 0.169355 0.083176 0.258065
15 0.301197 0.130376 0.046629 0.142473
15 0.461878 0.177419 0.206679 0.284946
15 0.683050 0.177419 0.122243 0.284946
15 0.856333 0.180108 0.171393 0.279570
15 0.125394 0.315860 0.148708 0.163978
15 0.250158 0.345430 0.056711 0.120968
15 0.331443 0.380376 0.068053 0.298387
15 0.445810 0.331989 0.069943 0.153226
15 0.518589 0.366935 0.041588 0.099462
15 0.631065 0.338710 0.122873 0.193548
15 0.830813 0.403226 0.064902 0.301075
15 0.058286 0.588710 0.101449 0.322581
15 0.223377 0.576613 0.148078 0.250000
15 0.467549 0.517473 0.272212 0.217742
15 0.729049 0.572581 0.158790 0.268817
15 0.901071 0.528226 0.103340 0.201613
15 0.159105 0.728495 0.101449 0.166667
15 0.289225 0.809140 0.073094 0.215054
15 0.442974 0.733871 0.142407 0.193548
15 0.656270 0.763441 0.207309 0.209677
15 0.896660 0.823925 0.165091 0.336022
