15 0.127951 0.154391 0.148692 0.189802
15 0.257179 0.208215 0.057435 0.138810
15 0.334078 0.218130 0.069560 0.300283
15 0.457243 0.181303 0.059349 0.169972
15 0.526165 0.213881 0.033823 0.099150
15 0.640077 0.188385 0.131461 0.184136
15 0.843012 0.235127 0.062540 0.294618
15 0.057435 0.451841 0.100830 0.342776
15 0.226867 0.429178 0.148692 0.257790
15 0.475431 0.390935 0.273133 0.249292
15 0.736758 0.439093 0.147415 0.260623
15 0.909700 0.395184 0.104020 0.212465
15 0.158583 0.604816 0.106573 0.144476
15 0.291002 0.681303 0.079132 0.240793
15 0.449585 0.603399 0.147415 0.192635
15 0.667198 0.638810 0.202297 0.240793
15 0.907147 0.692635 0.170389 0.371105
15 0.074665 0.818697 0.137843 0.181303
15 0.215380 0.875354 0.045310 0.249292
15 0.320676 0.835694 0.091257 0.124646
15 0.518507 0.851275 0.162731 0.263456
15 0.708998 0.873938 0.085514 0.252125
15 0.826420 0.838527 0.071474 0.135977
