15 0.142135 0.247458 0.208465 0.359322
15 0.393557 0.240678 0.195831 0.345763
15 0.565698 0.255932 0.053696 0.349153
15 0.832596 0.205085 0.085913 0.206780
15 0.148452 0.447458 0.238787 0.230508
15 0.354075 0.481356 0.094125 0.305085
15 0.505054 0.496610 0.106759 0.376271
15 0.704675 0.532203 0.096652 0.332203
15 0.878395 0.559322 0.147189 0.338983
15 0.116551 0.700000 0.139608 0.200000
15 0.295325 0.713559 0.076437 0.200000
15 0.543272 0.794915 0.307012 0.328814
15 0.791851 0.711864 0.113076 0.210169
