15 0.117486 0.259322 0.208257 0.355932
15 0.339405 0.200000 0.108075 0.257627
15 0.480267 0.186441 0.131148 0.216949
15 0.598664 0.172881 0.060716 0.210169
15 0.724347 0.203390 0.121433 0.210169
15 0.855191 0.196610 0.068610 0.230508
15 0.095628 0.462712 0.152398 0.220339
15 0.246205 0.494915 0.034608 0.203390
15 0.387371 0.450847 0.168792 0.257627
15 0.570735 0.505085 0.127505 0.352542
15 0.836673 0.544068 0.256223 0.389831
15 0.048877 0.735593 0.032180 0.176271
15 0.144202 0.700000 0.097753 0.240678
15 0.321190 0.793220 0.188221 0.338983
15 0.475410 0.710169 0.051002 0.206780
15 0.609897 0.752542 0.128112 0.291525
