15 0.189430 0.130734 0.157957 0.114679
15 0.157957 0.288991 0.280285 0.155963
15 0.444181 0.302752 0.116390 0.155963
15 0.786223 0.357798 0.351544 0.238532
15 0.218527 0.533257 0.399050 0.240826
15 0.648456 0.475917 0.190024 0.139908
15 0.173397 0.665138 0.299287 0.165138
15 0.460808 0.674312 0.059382 0.110092
15 0.748812 0.659404 0.336105 0.158257
15 0.083135 0.847477 0.080760 0.121560
15 0.263064 0.831422 0.193587 0.167431
15 0.624109 0.876147 0.355107 0.247706
15 0.925178 0.827982 0.109264 0.151376
