15 0.778078 0.139485 0.414073 0.163090
15 0.248985 0.342275 0.392422 0.199571
15 0.594723 0.301502 0.133965 0.118026
15 0.880920 0.303648 0.238160 0.182403
15 0.106901 0.462446 0.205683 0.122318
15 0.424899 0.469957 0.273342 0.141631
15 0.688092 0.461373 0.125846 0.145923
15 0.217862 0.630901 0.376184 0.158798
15 0.625169 0.663090 0.273342 0.227468
15 0.958728 0.628755 0.074425 0.124464
15 0.137348 0.846567 0.271989 0.212446
15 0.426252 0.790773 0.121786 0.126609
15 0.700947 0.820815 0.276049 0.182403
