15 0.066017 0.532051 0.112554 0.500000
15 0.155303 0.586538 0.050866 0.314103
15 0.214827 0.371795 0.044372 0.730769
15 0.262446 0.567308 0.063853 0.339744
15 0.377165 0.387821 0.148268 0.762821
15 0.399892 0.557692 0.040043 0.423077
15 0.462121 0.599359 0.060606 0.391026
15 0.540043 0.564103 0.077922 0.346154
15 0.633117 0.506410 0.064935 0.474359
15 0.728355 0.432692 0.073593 0.673077
15 0.802489 0.525641 0.055195 0.525641
15 0.877165 0.685897 0.072511 0.628205
15 0.955087 0.519231 0.053030 0.410256
